t,value
0.0,0.0
0.0034433330000000002,0.0
0.003926985,0.0
0.022546111,0.0
0.022868201,0.0
0.043150069,0.0
0.043537776,0.0
0.06283899200000001,0.0
0.063430596,0.0
0.08252110700000001,0.0
0.08293637300000001,0.0
0.102901632,0.0
0.10348333600000001,0.0
0.12288571100000001,0.0
0.12394390100000001,0.0
0.142850957,0.0
0.143501618,0.0
0.162746846,0.0
0.163425503,0.0
0.182721025,0.0
0.183481795,0.0
0.20267780700000002,0.0
0.203337655,0.0
0.222715139,0.0
0.22333016500000002,0.0
0.242889614,0.0
0.243690976,0.0
0.262715158,0.0
0.263306719,0.0
0.282743527,0.0
0.283290779,0.0
0.30273082,0.0
0.30298626900000003,0.0
0.323092142,0.0
0.32331869700000004,0.0
0.342669795,0.0
0.34297898000000004,0.0
0.362472457,0.0
0.36292529,0.0
0.38247192300000005,0.0
0.38281744,0.0
0.40256096100000005,0.0
0.402989484,0.0
0.422346522,0.0
0.422792373,0.0
0.44269633700000005,0.0
0.443420321,0.0
0.46262742500000004,0.0
0.46290406100000003,0.0
0.482182249,0.0
0.482437559,0.0
0.502610015,0.0
0.502931605,0.0
0.5232922160000001,0.0
0.523918588,0.0
0.542714912,0.0
0.543299834,0.0
0.5629314900000001,0.0
0.5636168300000001,0.0
0.583140114,0.0
0.583771696,0.0
0.6024561810000001,0.0
0.602895476,0.0
0.6231671870000001,0.0
0.6236751660000001,0.0
0.6428920060000001,0.0
0.643267675,0.0
0.662318104,0.0
0.6628162820000001,0.0
0.682351016,0.0
0.682607383,0.0
0.7021687670000001,0.0
0.70280551,0.0
0.722729913,0.0
0.7232199140000001,0.0
0.742196536,0.0
0.7426723820000001,0.0
0.762213484,0.0
0.762659155,0.0
0.7827035330000001,0.0
0.7832601370000001,0.0
0.802712855,0.0
0.8033940110000001,0.0
0.8226748380000001,0.0
0.8229482290000001,0.0
0.8427750890000001,0.0
0.843131841,0.0
0.862577126,0.0
0.862860005,0.0
0.882184139,0.0
0.882590737,0.0
0.902194457,0.0
0.902639355,0.0
0.9227319960000001,0.0
0.9236648940000001,0.0
0.9420863920000001,0.0
0.9428693770000001,0.0
0.9625006,0.0
0.9630799980000001,0.0
0.982961794,0.0
0.983513476,0.0
1.0020952140000001,0.0
1.002462204,0.0
1.023041788,0.0
1.0235040290000001,0.0
1.044364207,0.0
1.0447487130000002,0.0
1.063065372,0.0
1.063576188,0.0
1.08269474,0.0
1.0833168400000002,0.0
1.1027598010000002,0.0
1.103300175,0.0
1.123550968,0.0
1.123905776,0.0
1.143332017,0.0
1.1437905350000002,0.0
1.162798656,0.0
1.1635076720000002,0.0
1.182852248,0.0
1.183544053,0.0
1.202870855,0.0
1.203423708,0.0
1.222776826,0.0
1.223362354,0.0
1.2429935570000001,0.0
1.243684497,0.0
1.262872355,0.0
1.263528283,0.0
1.283093177,0.0
1.2835715360000002,0.0
1.302842472,0.0
1.30343294,0.0
1.323284025,0.0
1.3238011410000001,0.0
1.343183145,0.0
1.34386074,0.0
1.3635128650000001,0.0
1.363769186,0.0
1.3828715440000001,0.0
1.3834829690000001,0.0
1.402685533,0.0
1.403217393,0.0
1.422933824,0.0
1.42336551,0.0
1.4429888990000002,0.0
1.443504206,0.0
1.462642344,0.0
1.463114491,0.0
1.4825729250000002,0.0
1.482981885,0.0
1.5028713800000002,0.0
1.503252331,0.0
1.5232039350000002,0.0
1.5238361150000002,0.0
1.542928869,0.0
1.54357194,0.0
1.562741168,0.0
1.5632959510000002,0.0
1.583119458,0.0
1.5836976170000001,0.0
1.6027717380000002,0.0
1.6032723690000001,0.0
1.6227152310000001,0.0
1.6232048360000002,0.0
1.6429363590000001,0.0
1.643710422,0.0
1.6629852850000002,0.0
1.663460589,0.0
1.6832682760000002,0.0
1.683841554,0.0
1.7027743860000002,0.0
1.703485034,0.0
1.7227403520000002,0.0
1.72325108,0.0
1.7426088160000002,0.0
1.7431572210000001,0.0
1.762542086,0.0
1.762989836,0.0
1.783383951,0.0
1.7837915590000002,0.0
1.802948103,0.0
1.803594485,0.0
1.8230573650000002,0.0
1.8237455990000002,0.0
1.842625109,0.0
1.8432328,0.0
1.8623650880000002,0.0
1.8629493300000002,0.0
1.8827090670000002,0.0
1.8832907300000001,0.0
1.9025903000000002,0.0
1.9029548120000002,0.0
1.922484518,0.0
1.92326046,0.0
1.942455245,0.0
1.9434401650000002,0.0
1.9623798650000002,0.0
1.963049231,0.0
1.9825735800000002,0.0
1.983151595,0.0
2.002512406,0.0
2.0028928550000002,0.0
2.0222345330000002,0.0
2.0229938560000003,0.0
2.042552552,0.0
2.043112509,0.0
2.0626157590000003,0.0
2.063359187,0.0
2.082375024,0.0
2.0826634690000003,0.0
2.10291689,0.0
2.103278392,0.0
2.1227868940000003,0.0
2.123219869,0.0
2.142813055,0.0
2.1432542690000003,0.0
2.162718234,0.0
2.163181041,0.0
2.182687784,0.0
2.182922629,0.0
2.2024538160000002,0.0
2.202909947,0.0
2.222566506,0.0
2.222844812,0.0
2.242313906,0.0
2.24270748,0.0
2.2626942110000003,0.0
2.263102505,0.0
2.2832590870000002,0.0
2.28366914,0.0
2.302768752,0.0
2.3035476210000003,0.0
2.3226537890000003,0.0
2.323155245,0.0
2.342736684,0.0
2.34339787,0.0
2.3626220510000002,0.0
2.36300999,0.0
2.382674145,0.0
2.3829305350000003,0.0
2.402917982,0.0
2.403417129,0.0
2.4238341610000003,0.0
2.424155576,0.0
2.4425009380000002,0.0
2.4429144170000003,0.0
2.4627820000000002,0.0
2.463260522,0.0
2.4824200810000003,0.0
2.482867666,0.0
2.5023808250000004,0.0
2.502931298,0.0
2.5225730630000003,0.0
2.522846346,0.0
2.543078907,0.0
2.543605502,0.0
2.562684118,0.0
2.56315082,0.0
2.582480017,0.0
2.582820288,0.0
2.602840354,0.0
2.603288525,0.0
2.622719301,0.0
2.623243752,0.0
2.6424740370000004,0.0
2.642845229,0.0
2.662620838,0.0
2.663147494,0.0
2.682436886,0.0
2.682955609,0.0
2.702219379,0.0
2.702768509,0.0
2.722837868,0.0
2.7234132310000003,0.0
2.7428256220000002,0.0
2.7434655720000003,0.0
2.7625855500000003,0.0
2.762933389,0.0
2.7824994960000002,0.0
2.7829854390000004,0.0
2.8026257410000004,0.0
2.802983724,0.0
2.822727065,0.0
2.8231196790000004,0.0
2.842496365,0.0
2.842917426,0.0
2.8625416290000003,0.0
2.863263877,0.0
2.88253752,0.0
2.8832294810000003,0.0
2.9029736390000003,0.0
2.903290761,0.0
2.922246984,0.0
2.9226640620000004,0.0
2.9425863370000003,0.0
2.942988771,0.0
2.962507751,0.0
2.963024401,0.0
2.9824118690000003,0.0
2.982902408,0.0
3.002346305,0.0
3.002742463,0.0
3.022683174,0.0
3.0231119740000003,0.0
3.042251363,0.0
3.042577338,0.0
3.062690093,0.0
3.0632974920000002,0.0
3.0827723970000003,0.0
3.0831499260000004,0.0
3.10286476,0.0
3.103334997,0.0
3.122712892,0.0
3.123168713,0.0
3.143034525,0.0
3.144073994,0.0
3.162964473,0.0
3.1637198090000003,0.0
3.1832355050000003,0.0
3.183865474,0.0
3.2028066720000004,0.0
3.2035162400000003,0.0
3.222949949,0.0
3.223587687,0.0
3.2427258080000003,0.0
3.243411757,0.0
3.2624494690000003,0.0
3.263094074,0.0
3.282541508,0.0
3.2830751040000004,0.0
3.302665749,0.0
3.30327393,0.0
3.3222441920000003,0.0
3.3227639890000003,0.0
3.3428299420000003,0.0
3.343122611,0.0
3.36262212,0.0
3.3630572990000003,0.0
3.38242405,0.0
3.3827672270000004,0.0
3.4027186560000002,0.0
3.4033234730000004,0.0
3.42292407,0.0
3.423477821,0.0
3.4426514640000003,0.0
3.442877868,0.0
3.46286884,0.0
3.463458805,0.0
3.4827262790000004,0.0
3.482905896,0.0
3.502865046,0.0
3.5032738500000002,0.0
3.5226828550000002,0.0
3.523104817,0.0
3.5425738310000003,0.0
3.542844289,0.0
3.562676524,0.0
3.562930113,0.0
3.5829019150000003,0.0
3.583247618,0.0
3.6024975870000002,0.0
3.602705025,0.0
3.622623222,0.0
3.6228759170000004,0.0
3.64286732,0.0
3.64355377,0.0
3.66261384,0.0
3.663036963,0.0
3.6829673570000003,0.0
3.683283705,0.0
3.7028442110000004,0.0
3.7032655900000004,0.0
3.722599176,0.0
3.7231686440000002,0.0
3.742897998,0.0
3.743335591,0.0
3.7629375570000003,0.0
3.763492379,0.0
3.782848442,0.0
3.7835585340000004,0.0
3.802870437,0.0
3.803406052,0.0
3.82245368,0.0
3.8233534160000002,0.0
3.8424463340000004,0.0
3.8432892020000002,0.0
3.8624151120000003,0.0
3.862832736,0.0
3.882422667,0.0
3.8829774720000003,0.0
3.9027068990000005,0.0
3.9033842470000004,0.0
3.9228265490000003,0.0
3.923426645,0.0
3.94245129,0.0
3.9429670650000004,0.0
3.9626710590000003,0.0
3.9633072680000003,0.0
3.9833289690000004,0.0
3.983899924,0.0
4.002317746,0.0
4.002723892000001,0.0
4.022524692,0.0
4.022836982,0.0
4.0427124580000005,0.0
4.043575981,0.0
4.06222447,0.0
4.062680345,0.0
4.082697973,0.0
4.083134654,0.0
4.103003724000001,0.0
4.103493504,0.0
4.122379983,0.0
4.123055352000001,0.0
4.142900141,0.0
4.143327187000001,0.0
4.162449112,0.0
4.16290178,0.0
4.182272391000001,0.0
4.182798341000001,0.0
4.202576946000001,0.0
4.203140693,0.0
4.222355642,0.0
4.222736546,0.0
4.242366379,0.0
4.242774456,0.0
4.262623756,0.0
4.263077566000001,0.0
4.282736527,0.0
4.283130344,0.0
4.30233765,0.0
4.302827835,0.0
4.322537844,0.0
4.323266704,0.0
4.342488765000001,0.0
4.343046936,0.0
4.362597905,0.0
4.362924464000001,0.0
4.382873688,0.0
4.383308152000001,0.0
4.402439289,0.0
4.402864601,0.0
4.422673876,0.0
4.423220925,0.0
4.442409925000001,0.0
4.443406536,0.0
4.462504162,0.0
4.4630435870000005,0.0
4.482523111,0.0
4.482822319,0.0
4.50240683,0.0
4.502980804,0.0
4.522713153000001,0.0
4.522801511,0.0
4.542787957000001,0.0
4.543106129,0.0
4.562764199,0.0
4.563511889,0.0
4.582629449000001,0.0
4.583165013,0.0
4.602552665,0.0
4.603047276,0.0
4.622285056,0.0
4.622871785,0.0
4.642685866,0.0
4.642737193,0.0
4.662734838,0.0
4.662899738,0.0
4.682303813,0.0
4.682668577,0.0
4.702363028000001,0.0
4.703055992,0.0
4.722487024,0.0
4.723112556,0.0
4.742605222,0.0
4.742968436,0.0
4.7626141650000005,0.0
4.763036271000001,0.0
4.782417440000001,0.0
4.78310658,0.0
4.802537035,0.0
4.802718405,0.0
4.822641331000001,0.0
4.82295257,0.0
4.843361421,0.0
4.843924745000001,0.0
4.862524213,0.0
4.863102664,0.0
4.882782898,0.0
4.883169550000001,0.0
4.902672818,0.0
4.903089984,0.0
4.922605912000001,0.0
4.923323013,0.0
4.9425385010000005,0.0
4.943224058,0.0
4.962203585,0.0
4.9628661460000005,0.0
4.982836335,0.0
4.983656701,0.0
5.002790339000001,0.0
5.003353176,0.0
5.022396906,0.0
5.0229053320000006,0.0
5.042633990000001,0.0
5.043115955,0.0
5.062645356,0.0
5.06336351,0.0
5.082448965,0.0
5.083039567,0.0
5.102588917,0.0
5.1034874630000004,0.0
5.123587861000001,0.0
5.124130614,0.0
5.142407829000001,0.0
5.143129569,0.0
5.1631578650000005,0.0
5.163412786,0.0
5.1826002440000005,0.0
5.183077024,0.0
5.202365873000001,0.0
5.202802266,0.0
5.222502214,0.0
5.222793287,0.0
5.242654818,0.0
5.2431799660000005,0.0
5.263856187,0.0
5.264583433,0.0
5.282883012,0.0
5.283741487,0.0
5.3024679290000005,0.0
5.3030878580000005,0.0
5.322404562,0.0
5.323002624,0.0
5.342738377000001,0.0
5.343347457,0.0
5.362580787000001,0.0
5.363203041,0.0
5.382636961,0.0
5.383181518000001,0.0
5.402693593,0.0
5.403113019,0.0
5.422359225,0.0
5.4227922820000005,0.0
5.44240248,0.0
5.442759503,0.0
5.462810805,0.0
5.463343506,0.0
5.482916737,0.0
5.4832768220000005,0.0
5.502812503,0.0
5.503436207,0.0
5.522857103000001,0.0
5.523123783,0.0
5.542488693,0.0
5.542865602,0.0
5.5628257880000005,0.0
5.563307939,0.0
5.582923676,0.0
5.583259785,0.0
5.60296106,0.0
5.6032566290000005,0.0
5.622572421,0.0
5.622941646,0.0
5.642528611,0.0
5.642857859,0.0
5.662897256,0.0
5.662927906,0.0
5.682893276000001,0.0
5.68335287,0.0
5.7024814390000005,0.0
5.703000977,0.0
5.722756934,0.0
5.723240083,0.0
5.7425989600000005,0.0
5.742813278000001,0.0
5.7625526670000005,0.0
5.762793921,0.0
5.782641697000001,0.0
5.783077311,0.0
5.802872958,0.0
5.803318688,0.0
5.822477991,0.0
5.8229501500000005,0.0
5.842405549,0.0
5.842811071000001,0.0
5.862472369000001,0.0
5.862920476,0.0
5.8823842420000005,0.0
5.882752,0.0
5.902549282000001,0.0
5.903164912,0.0
5.9227718540000005,0.0
5.923191921000001,0.0
5.9428685990000005,0.0
5.943092728000001,0.0
5.963070565000001,0.0
5.963332597,0.0
5.982811627,0.0
5.983198529,0.0
6.002771278,0.0
6.003466531,0.0
6.022728934000001,0.0
6.023296475,0.0
6.042712921000001,0.0
6.042765578,0.0
6.0629307070000005,0.0
6.063295647,0.0
6.082857362,0.0
6.08336554,0.0
6.102638263,0.0
6.103045279000001,0.0
6.123085099000001,0.0
6.12346473,0.0
6.142775119,0.0
6.143277799000001,0.0
6.162662125000001,0.0
6.162852179000001,0.0
6.182896201,0.0
6.1832632300000006,0.0
6.20283822,0.0
6.20322655,0.0
6.222651532,0.0
6.2228737,0.0
6.242620753000001,0.0
6.242964877,0.0
6.26239041,0.0
6.262774376,0.0
6.2828282280000005,0.0
6.283094908000001,0.0
6.3029412240000005,0.0
6.3034714030000005,0.0
6.322604591,0.0
6.322964324,0.0
6.342595835,0.0
6.3428818090000005,0.0
6.362822346000001,0.0
6.363343018,0.0
6.382838303000001,0.0
6.382864287,0.0
6.4028189620000004,0.0
6.403114758,0.0
6.4228848780000005,0.0
6.423218952,0.0
6.4426394160000005,0.0
6.442960183,0.0
6.463007786,0.0
6.463296749,0.0
6.483049011,0.0
6.483114728,0.0
6.502761923,0.0
6.5027980460000006,0.0
6.522578303,0.0
6.522929708,0.0
6.542600922,0.0
6.542946840000001,0.0
6.562827636000001,0.0
6.5631023420000005,0.0
6.583107802000001,0.0
6.583385195,0.0
6.603613846,0.0
6.6038537790000005,0.0
6.622892554000001,0.0
6.622952034000001,0.0
6.642862464,0.0
6.643377678,0.0
6.662570389000001,0.0
6.6631665810000005,0.0
6.683203527000001,0.0
6.683235396000001,0.0
6.70296936,0.0
6.703345113,0.0
6.72278237,0.0
6.723036738,0.0
6.743094775,0.0
6.743423030000001,0.0
6.762900534000001,0.0
6.7632472980000005,0.0
6.782442939,0.0
6.782717591000001,0.0
6.802754198000001,0.0
6.803238090000001,0.0
6.822646011000001,0.0
6.8232011020000005,0.0
6.84269526,0.0
6.842892626,0.0
6.862779709000001,0.0
6.862896354,0.0
6.882517651000001,0.0
6.8829399460000005,0.0
6.902705845000001,0.0
6.903084163000001,0.0
6.922868964,0.0
6.922903322000001,0.0
6.942562754000001,0.0
6.942770909,0.0
6.962826726,0.0
6.963296446,0.0
6.983183943,0.0
6.983434503000001,0.0
7.002621292000001,0.0
7.002824966,0.0
7.022671461000001,0.0
7.023201917000001,0.0
7.04268739,0.0
7.043149079000001,0.0
7.062656395,0.0
7.063205155,0.0
7.0825556480000005,0.0
7.083377921,0.0
7.102682194000001,0.0
7.103179484000001,0.0
7.122678382,0.0
7.122999744,0.0
7.143608611,0.0
7.144219103,0.0
7.162827645,0.0
7.163533516,0.0
7.182768648000001,0.0
7.182790876,0.0
7.203046697,0.0
7.203320197,0.0
7.2226421300000005,0.0
7.222976341000001,0.0
7.242751746000001,0.0
7.243010027,0.0
7.262639474,0.0
7.263193995000001,0.0
7.282746648000001,0.0
7.2833337380000005,0.0
7.302794509000001,0.0
7.303428919000001,0.0
7.32262884,0.0
7.323461584,0.0
7.342478901000001,0.0
7.342776744,0.0
7.3630336640000005,0.0
7.3636886530000005,0.0
7.384197263000001,0.0
7.384528102000001,0.0
7.402898380000001,0.0
7.403781633,0.0
7.423214809,0.0
7.423765687,0.0
7.442667764,0.0
7.442882094000001,0.0
7.462350036,0.0
7.46319785,0.0
7.482722976000001,0.0
7.483144598000001,0.0
7.502766769000001,0.0
7.503315569000001,0.0
7.522932616,0.0
7.523407881000001,0.0
7.542619814,0.0
7.543114202000001,0.0
7.5628441650000005,0.0
7.563619779000001,0.0
7.58294959,0.0
7.583221821,0.0
7.602882551,0.0
7.603189123000001,0.0
7.622766071,0.0
7.622964576,0.0
7.642922415,0.0
7.643223472000001,0.0
7.662780567,0.0
7.6631504580000005,0.0
7.6824188300000005,0.0
7.682672409,0.0
7.703030683000001,0.0
7.703326989000001,0.0
7.723022240000001,0.0
7.723658333,0.0
7.742494705,0.0
7.7430687030000005,0.0
7.762964565000001,0.0
7.763496096000001,0.0
7.783006602,0.0
7.783763110000001,0.0
7.8024733930000005,0.0
7.802742639000001,0.0
7.822770500000001,0.0
7.823653008000001,0.0
7.842881323,0.0
7.843568333,0.0
7.862567438,0.0
7.863256328,0.0
7.882720299000001,0.0
7.883071678,0.0
7.902354982,0.0
7.902855327,0.0
7.922434113,0.0
7.922817633,0.0
7.942452633,0.0
7.9431532250000005,0.0
7.962403255000001,0.0
7.963051246000001,0.0
7.982659192000001,0.0
7.983226355,0.0
8.002449083,0.0
8.003094911,0.0
8.022849334,0.0
8.023449207,0.0
8.042778801,0.0
8.043361254,0.0
8.062713011000001,0.0
8.063366785000001,0.0
8.082386737,0.0
8.082982158,0.0
8.10266893,0.0
8.103178664,0.0
8.122592763,0.0
8.123087064,0.0
8.142511263000001,0.0
8.143122378000001,0.0
8.162751945,0.0
8.163113606000001,0.0
8.183059374,0.0
8.183423098,0.0
8.202951788,0.0
8.202983764,0.0
8.222656982,0.0
8.222824382,0.0
8.242216457000001,0.0
8.242818026,0.0
8.262476518,0.0
8.262848934,0.0
8.282906252,0.0
8.283242233000001,0.0
8.303192678,0.0
8.30396924,0.0
8.322473248,0.0
8.322951757,0.0
8.342770017000001,0.0
8.343390474000001,0.0
8.362475016000001,0.0
8.363103262000001,0.0
8.382585631000001,0.0
8.382977037,0.0
8.403004709000001,0.0
8.403265489,0.0
8.422453627000001,0.0
8.422712465,0.0
8.442871592000001,0.0
8.442904808,0.0
8.462517377000001,0.0
8.462871832000001,0.0
8.482263233000001,0.0
8.482896598,0.0
8.502126226,0.0
8.50261073,0.0
8.522850418,0.0
8.523288070000001,0.0
8.542177058,0.0
8.542511644000001,0.0
8.562235085000001,0.0
8.562587975000001,0.0
8.582739497,0.0
8.583344755,0.0
8.602454051,0.0
8.60308298,0.0
8.62255208,0.0
8.622834263,0.0
8.642560591,0.0
8.642827342,0.0
8.662597,0.0
8.662867279,0.0
8.682519197000001,0.0
8.682983114,0.0
8.702594391,0.0
8.703055501,0.0
8.722507615000001,0.0
8.722968296000001,0.0
8.742805785,0.0
8.743173416000001,0.0
8.762560160000001,0.0
8.763321020000001,0.0
8.782798068,0.0
8.783510835000001,0.0
8.802442877,0.0
8.802938044000001,0.0
8.821989759000001,0.0
8.822644916,0.0
8.842989136,0.0
8.843735196,0.0
8.862862907,0.0
8.863325877000001,0.0
8.882642954000001,0.0
8.883356724,0.0
8.902352886000001,0.0
8.902801404,0.0
8.922713677,0.0
8.923241141,0.0
8.942189382,0.0
8.942687134,0.0
8.962700257,0.0
8.963019686,0.0
8.98266619,0.0
8.983354798,0.0
9.002264511,0.0
9.002771820000001,0.0
9.022691932,0.0
9.023150675,0.0
9.042368151,0.0
9.043001935000001,0.0
9.062654907,0.0
9.063173205,0.0
9.082637449,0.0
9.083080059,0.0
9.102451517,0.0
9.102841575000001,0.0
9.122870109,0.0
9.123402497,0.0
9.142784181000001,0.0
9.143417811,0.0
9.162387523000001,0.0
9.162873553,0.0
9.182660186000001,0.0
9.183191799000001,0.0
9.202653462,0.0
9.203147558000001,0.0
9.222335645000001,0.0
9.222716282,0.0
9.242675078000001,0.0
9.243130495,0.0
9.262626292,0.0
9.263180550000001,0.0
9.282575067,0.0
9.282754071000001,0.0
9.302753176000001,0.0
9.303537685,0.0
9.323016043,0.0
9.323591193,0.0
9.342454794,0.0
9.342833394000001,0.0
9.362710517,0.0
9.363171162,0.0
9.382501453,0.0
9.382917298,0.0
9.402474383000001,0.0
9.402932092,0.0
9.422393934,0.0
9.423315464,0.0
9.442138937000001,0.0
9.442829102000001,0.0
9.462630145,0.0
9.463259943,0.0
9.482544479000001,0.0
9.482875783,0.0
9.502278958,0.0
9.502609516000001,0.0
9.522274223,0.0
9.522792687,0.0
9.542546313,0.0
9.54315332,0.0
9.562466492,0.0
9.56276506,0.0
9.58261562,0.0
9.583120573,0.0
9.602684991,0.0
9.603341368,0.0
9.622363881,0.0
9.622874361000001,0.0
9.642471236,0.0
9.642816118,0.0
9.662046039,0.0
9.662617961,0.0
9.682664782,0.0
9.68313449,0.0
9.702705927,0.0
9.70308737,0.0
9.722663903,0.0
9.723262811000001,0.0
9.742580396000001,0.0
9.743263375,0.0
9.762692519,0.0
9.763409305000001,0.0
9.782567485000001,0.0
9.78291991,0.0
9.802646533,0.0
9.803346776000001,0.0
9.823306806,0.0
9.823944837,0.0
9.842661922000001,0.0
9.843486165,0.0
9.862738306,0.0
9.863338508,0.0
9.882797617000001,0.0
9.883402306,0.0
9.90276704,0.0
9.903645455000001,0.0
9.922583882000001,0.0
9.923133186000001,0.0
9.942418717,0.0
9.942946789,0.0
9.962522908,0.0
9.962810058,0.0
9.982876161,0.0
9.983531492000001,0.0
10.002474814000001,0.0
10.002888930000001,0.0
10.022715561,0.0
10.023408688,0.0
10.042532351,0.0
10.042838701,0.0
10.062428718000001,0.0
10.062786373,0.0
10.082660746,0.0
10.083098152,0.0
10.102727773,0.0
10.103365172,0.0
10.12270673,0.0
10.123262377000001,0.0
10.142538510000001,0.0
10.143124334000001,0.0
10.162733024000001,0.0
10.163249114000001,0.0
10.182336424,0.0
10.182791239,0.0
10.202506145000001,0.0
10.202939327000001,0.0
10.222638542,0.0
10.223106726000001,0.0
10.242452845,0.0
10.242917714,0.0
10.262523894000001,0.0
10.262932668000001,0.0
10.282471358,0.0
10.282953171,0.0
10.302211351,0.0
10.30259723,0.0
10.322436758,0.0
10.322863582,0.0
10.342612212,0.0
10.342967055,0.0
10.362788028,0.0
10.363302502,0.0
10.382569993,0.0
10.383133734000001,0.0
10.402597451,0.0
10.402913190000001,0.0
10.422736208,0.0
10.423223173,0.0
10.442579590000001,0.0
10.443092272000001,0.0
10.46266656,0.0
10.463055586000001,0.0
10.482496770000001,0.0
10.482985035,0.0
10.502608986,0.0
10.503177249,0.0
10.522692893,0.0
10.523010097,0.0
10.542836837000001,0.0
10.543426217,0.0
10.562626453,0.0
10.563280091000001,0.0
10.58258112,0.0
10.582928683,0.0
10.602586439000001,0.0
10.602930151,0.0
10.622849052000001,0.0
10.623338316,0.0
10.642382372,0.0
10.642872018,0.0
10.662610929000001,0.0
10.663068772,0.0
10.682524386,0.0
10.683436158000001,0.0
10.70266228,0.0
10.703168403000001,0.0
10.722797733,0.0
10.723537866000001,0.0
10.742749329,0.0
10.743478303,0.0
10.762636782000001,0.0
10.763535576,0.0
10.782624751,0.0
10.783120205000001,0.0
10.8022817,0.0
10.802760255,0.0
10.822363727,0.0
10.822792204,0.0
10.842541538,0.0
10.842967812000001,0.0
10.862420336000001,0.0
10.862818035,0.0
10.882728153,0.0
10.883657712000002,0.0
10.902889922,0.0
10.903406026,0.0
10.922745699,0.0
10.923466676,0.0
10.943608448,0.0
10.944162381,0.0
10.962538768,0.0
10.963192261000001,0.0
10.982703765,0.0
10.983631736000001,0.0
11.002738004000001,0.0
11.003302614,0.0
11.02236384,0.0
11.022981099,0.0
11.042297242,0.0
11.04293617,0.0
11.063907608000001,0.0
11.064389825000001,0.0
11.082567174000001,0.0
11.082946147000001,0.0
11.10283671,0.0
11.103279538,0.0
11.123660911,0.0
11.124139359,0.0
11.142420643000001,0.0
11.143034038000001,0.0
11.162697439,0.0
11.163321195,0.0
11.1830317,0.0
11.183940208000001,0.0
11.202547803,0.0
11.203114806,0.0
11.222591566,0.0
11.223164357,0.0
11.242615577,0.0
11.243337409,0.0
11.262668356,0.0
11.263265006000001,0.0
11.282778277,0.0
11.283045242,0.0
11.302376952000001,0.0
11.303090834,0.0
11.322605685000001,0.0
11.323274246,0.0
11.342380013000001,0.0
11.342985949000001,0.0
11.362378657,0.0
11.362699191,0.0
11.382857668000002,0.0
11.382879628000001,0.0
11.40285614,0.0
11.403379568,0.0
11.422548998,0.0
11.422945139000001,0.0
11.442741495,0.0
11.443429944,0.0
11.462701412000001,0.0
11.463034683,0.0
11.482573734,0.0
11.482774399,0.0
11.502654068,0.0
11.502839386000002,0.0
11.522816822000001,0.0
11.522880220000001,0.0
11.542466977,0.0
11.543165316000001,0.0
11.563205514,0.0
11.563565948,0.0
11.582784249000001,0.0
11.583065301000001,0.0
11.602454156,0.0
11.602987341,0.0
11.622849124,0.0
11.623530635000002,0.0
11.642452902,0.0
11.643169279,0.0
11.662877477,0.0
11.663514491,0.0
11.682823382,0.0
11.683318281,0.0
11.703502659000002,0.0
11.704132291,0.0
11.722654545000001,0.0
11.723250766000001,0.0
11.74301709,0.0
11.743676094000001,0.0
11.762579754,0.0
11.763176497,0.0
11.782733643,0.0
11.783455105000002,0.0
11.803211448,0.0
11.80373039,0.0
11.822483258,0.0
11.823140534,0.0
11.842660473,0.0
11.843052022,0.0
11.862500005000001,0.0
11.863058420000002,0.0
11.882452476000001,0.0
11.882843088000001,0.0
11.902607623000002,0.0
11.902984215,0.0
11.922702813,0.0
11.923047697000001,0.0
11.942717298000002,0.0
11.943435942,0.0
11.963105664,0.0
11.964089047,0.0
11.982623420000001,0.0
11.983184707000001,0.0
12.002849526,0.0
12.00355058,0.0
12.023012773000001,0.0
12.023472955,0.0
12.042296722000001,0.0
12.042732564000001,0.0
12.062753538,0.0
12.063141574000001,0.0
12.083092397000001,0.0
12.083288432000002,0.0
12.102607785,0.0
12.102712026,0.0
12.124176995000001,0.0
12.124488627000002,0.0
12.142782785000001,0.0
12.143445060000001,0.0
12.163135467,0.0
12.163410485,0.0
12.182708924,0.0
12.183582187,0.0
12.202735552,0.0
12.203624745,0.0
12.222870231,0.0
12.223575330000001,0.0
12.242652826,0.0
12.24346515,0.0
12.262952644,0.0
12.263330983000001,0.0
12.282652594,0.0
12.283227360000001,0.0
12.303480492,0.0
12.304275748,0.0
12.322741689,0.0
12.323303986,0.0
12.342825709000001,0.0
12.343637173000001,0.0
12.362775729,0.0
12.364019194,0.0
12.382789377,0.0
12.383649247000001,0.0
12.402818152,0.0
12.403317451000001,0.0
12.422767050000001,0.0
12.423024853000001,0.0
12.442563777,0.0
12.442895699000001,0.0
12.462730368,0.0
12.463218042000001,0.0
12.482728568,0.0
12.483236940000001,0.0
12.503410844000001,0.0
12.503866789,0.0
12.522790072000001,0.0
12.523224186,0.0
12.542711506000002,0.0
12.543058869000001,0.0
12.562719797000002,0.0
12.562992562000002,0.0
12.582770371,0.0
12.583433867,0.0
12.602978754,0.0
12.603569865,0.0
12.622445557,0.0
12.623003774,0.0
12.642743828,0.0
12.643082561,0.0
12.662513861,0.0
12.66288628,0.0
12.682649435,0.0
12.68284755,0.0
12.703264878,0.0
12.703691505,0.0
12.722624098,0.0
12.722847273000001,0.0
12.742762855,0.0
12.743292385,0.0
12.762981223,0.0
12.763452614,0.0
12.782623198000001,0.0
12.783421932000001,0.0
12.802798562000001,0.0
12.803287141,0.0
12.822693964,0.0
12.823272308,0.0
12.842869683,0.0
12.843770345000001,0.0
12.862930639,0.0
12.863628684,0.0
12.882490308000001,0.0
12.88303125,0.0
12.902666856000002,0.0
12.90303458,0.0
12.92263986,0.0
12.923263292000001,0.0
12.942598766000001,0.0
12.943289687,0.0
12.962607009000001,0.0
12.963282107000001,0.0
12.983065294000001,0.0
12.983459819,0.0
13.002543477000001,0.0
13.003388501000002,0.0
13.022718185,0.0
13.023094339,0.0
13.042563175000002,0.0
13.042878625,0.0
13.062537482000002,0.0
13.062859739,0.0
13.082685195000002,0.0
13.082916186,0.0
13.102477174,0.0
13.102853246,0.0
13.123643207,0.0
13.123788995,0.0
13.143138626,0.0
13.143550219000002,0.0
13.162795125,0.0
13.163397005,0.0
13.182636683,0.0
13.183020297,0.0
13.202956932000001,0.0
13.203846531,0.0
13.222464554,0.0
13.223059525,0.0
13.24240739,0.0
13.243121291000001,0.0
13.262935648000001,0.0
13.263772503,0.0
13.282848562000002,0.0
13.283441736,0.0
13.302622837000001,0.0
13.303322204,0.0
13.322804137,0.0
13.323811687000001,0.0
13.342757234,0.0
13.343295393,0.0
13.362515255000002,0.0
13.363115500000001,0.0
13.383330803000002,0.0
13.383689769,0.0
13.402353730000002,0.0
13.403135345,0.0
13.422496979000002,0.0
13.422891473,0.0
13.442746547,0.0
13.443257466,0.0
13.462726025,0.0
13.463179926,0.0
13.482541474000001,0.0
13.48297054,0.0
13.502642528,0.0
13.502893290000001,0.0
13.522708413,0.0
13.523098839000001,0.0
13.543147615,0.0
13.543507809000001,0.0
13.562567862000002,0.0
13.563044277000001,0.0
13.582970394,0.0
13.583371039000001,0.0
13.602882558000001,0.0
13.603574585,0.0
13.622666229,0.0
13.622915216,0.0
13.642388356000001,0.0
13.643407629,0.0
13.662716972,0.0
13.663379133000001,0.0
13.682436056,0.0
13.682937378,0.0
13.703592699000001,0.0
13.70427618,0.0
13.72253697,0.0
13.723110117000001,0.0
13.742560903000001,0.0
13.742964765,0.0
13.762531439,0.0
13.763215753,0.0
13.7841579,0.0
13.784561912000001,0.0
13.80274769,0.0
13.803133911000002,0.0
13.822521051,0.0
13.823171232,0.0
13.842433287,0.0
13.842866904000001,0.0
13.862467853,0.0
13.862994623,0.0
13.882566987,0.0
13.882850040000001,0.0
13.902551515,0.0
13.902731193000001,0.0
13.922370562000001,0.0
13.922839694,0.0
13.942749164,0.0
13.943197718,0.0
13.962436428,0.0
13.962790109,0.0
13.982667937,0.0
13.983378828000001,0.0
14.002707167,0.0
14.002889251000001,0.0
14.022826084,0.0
14.023538148,0.0
14.042696701,0.0
14.043439967000001,0.0
14.062418721,0.0
14.063380132,0.0
14.082531868,0.0
14.08284897,0.0
14.102805829000001,0.0
14.103161231000001,0.0
14.122435533,0.0
14.122962554,0.0
14.142809987000001,0.0
14.143220343000001,0.0
14.164430532,0.0
14.164620639,0.0
14.182544051,0.0
14.183028828000001,0.0
14.202561728000001,0.0
14.203285486,0.0
14.223143,0.0
14.223685923000001,0.0
14.242538125000001,0.0
14.243096409000001,0.0
14.262472451,0.0
14.262812831000002,0.0
14.283027652000001,0.0
14.28355539,0.0
14.302341544,0.0
14.302961379000001,0.0
14.322542695000001,0.0
14.323175099,0.0
14.342947239,0.0
14.343550785000001,0.0
14.362544102000001,0.0
14.363267503000001,0.0
14.382529405000001,0.0
14.383348982000001,0.0
14.402950604,0.0
14.403913147,0.0
14.422460809,0.0
14.423203079,0.0
14.442829708000001,0.0
14.443380243000002,0.0
14.462633686,0.0
14.463030652,0.0
14.482612717,0.0
14.483046507000001,0.0
14.502617744,0.0
14.502880516000001,0.0
14.522661114000002,0.0
14.522927996000002,0.0
14.54289969,0.0
14.54350776,0.0
14.562647105000002,0.0
14.563021777000001,0.0
14.582279638000001,0.0
14.582703969,0.0
14.602377591000002,0.0
14.602783165000002,0.0
14.622356019000001,0.0
14.623054088000002,0.0
14.642499538000001,0.0
14.642745218000002,0.0
14.662518675000001,0.0
14.663254304,0.0
14.682733376000002,0.0
14.683196601,0.0
14.702469886000001,0.0
14.703207297,0.0
14.722604286000001,0.0
14.723208016000001,0.0
14.742891100000001,0.0
14.743233112,0.0
14.762797031000002,0.0
14.763428092000002,0.0
14.782762323,0.0
14.783179687,0.0
14.802701975000002,0.0
14.803051616000001,0.0
14.822816937,0.0
14.823555983,0.0
14.842815516000002,0.0
14.842895484000001,0.0
14.862605431,0.0
14.862802808000001,0.0
14.882833466000001,0.0
14.882918145000001,0.0
14.902630906,0.0
14.902915904,0.0
14.922558004,0.0
14.922825492000001,0.0
14.942770219000002,0.0
14.942912418,0.0
14.962775368,0.0
14.963212363,0.0
14.982397275,0.0
14.982727811,0.0
15.002652443,0.0
15.003018181000002,0.0
15.022596898000002,0.0
15.023173938000001,0.0
15.042607792,0.0
15.043036893000002,0.0
15.062485541000001,0.0
15.063191391,0.0
15.082712213,0.0
15.08308111,0.0
15.102342069,0.0
15.102751427000001,0.0
15.122329916000002,0.0
15.122709911000001,0.0
15.143033761000002,0.0
15.143584136000001,0.0
15.162845876,0.0
15.163348587000002,0.0
15.182770383000001,0.0
15.183334849000001,0.0
15.202389125000002,0.0
15.202793708000002,0.0
15.222412821,0.0
15.222903405,0.0
15.242445708000002,0.0
15.242989441,0.0
15.262312667000002,0.0
15.262674935000001,0.0
15.282239863000001,0.0
15.282642463,0.0
15.302599968,0.0
15.302864071,0.0
15.322344193000001,0.0
15.322691864000001,0.0
15.342801552000001,0.0
15.343142831000002,0.0
15.362629902,0.0
15.363189994,0.0
15.382552547000001,0.0
15.383087813000001,0.0
15.402821865000002,0.0
15.403347214000002,0.0
15.422960913,0.0
15.423425057000001,0.0
15.442465637000002,0.0
15.442977816,0.0
15.462783144000001,0.0
15.463209433000001,0.0
15.482327381000001,0.0
15.482953323,0.0
15.504071546,0.0
15.504403885,0.0
15.522805825,0.0
15.523230652,0.0
15.542729543,0.0
15.542806803000001,0.0
15.562662745,0.0
15.562952372000002,0.0
15.582906101,0.0
15.582937489,0.0
15.602484474,0.0
15.603071604,0.0
15.622576001,0.0
15.622836168000001,0.0
15.6426461,0.0
15.642902326000002,0.0
15.662584701,0.0
15.662966943,0.0
15.682532419000001,0.0
15.682974163,0.0
15.702598117,0.0
15.703016099000001,0.0
15.722737525000001,0.0
15.723289190000001,0.0
15.742771946000001,0.0
15.743150292000001,0.0
15.762784454,0.0
15.763595287000001,0.0
15.782779498000002,0.0
15.783114533000001,0.0
15.802879226000002,0.0
15.803108707000002,0.0
15.822583277000001,0.0
15.823120455000002,0.0
15.842887847000002,0.0
15.843205308000002,0.0
15.862902608,0.0
15.863138372000002,0.0
15.882682974000002,0.0
15.882966739,0.0
15.902980992000002,0.0
15.903319755000002,0.0
15.922779953000001,0.0
15.923121162000001,0.0
15.942727865,0.0
15.94364726,0.0
15.963298379000001,0.0
15.963938283000001,0.0
15.982760155000001,0.0
15.983488457000002,0.0
16.002690235,0.0
16.003155178,0.0
16.022684515,0.0
16.023101266,0.0
16.042517183,0.0
16.043466000000002,0.0
16.062725467,0.0
16.063295079,0.0
16.082778876000003,0.0
16.083385333000003,0.0
16.10246657,0.0
16.102833558,0.0
16.122440996,0.0
16.123001084000002,0.0
16.143248648,0.0
16.144033914,0.0
16.162473767,0.0
16.162968994,0.0
16.182876774,0.0
16.183494613,0.0
16.202981777,0.0
16.203740749,0.0
16.222925839000002,0.0
16.223705708,0.0
16.243198269,0.0
16.243476307,0.0
16.262890393,0.0
16.26360514,0.0
16.282737172,0.0
16.283209252000002,0.0
16.302531394000003,0.0
16.303192916,0.0
16.322373249,0.0
16.323068972,0.0
16.342708281,0.0
16.343612127,0.0
16.362485984000003,0.0
16.362894206,0.0
16.382952681000003,0.0
16.383507372,0.0
16.402297017000002,0.0
16.402648018,0.0
16.422690999,0.0
16.42310017,0.0
16.442429463,0.0
16.442795423,0.0
16.462358953000003,0.0
16.462820836000002,0.0
16.482598038000003,0.0
16.483245062,0.0
16.502390163,0.0
16.502769152000003,0.0
16.522610654,0.0
16.522893078000003,0.0
16.542495385000002,0.0
16.542973169,0.0
16.562926172,0.0
16.563480768,0.0
16.58270663,0.0
16.583205362,0.0
16.602773168000002,0.0
16.603387797,0.0
16.622282397,0.0
16.622787555000002,0.0
16.642689054,0.0
16.642987152,0.0
16.662889195,0.0
16.663568093000002,0.0
16.682508436000003,0.0
16.682865675000002,0.0
16.702511683,0.0
16.702927265,0.0
16.722652619,0.0
16.723125356,0.0
16.742707943000003,0.0
16.743431561,0.0
16.762851718,0.0
16.763617021,0.0
16.782728993000003,0.0
16.783182597,0.0
16.802641374,0.0
16.803304235000002,0.0
16.822873506,0.0
16.823541607000003,0.0
16.842493136,0.0
16.843341232,0.0
16.862385831,0.0
16.863056382,0.0
16.882631433,0.0
16.883091885000002,0.0
16.902739372000003,0.0
16.902982752,0.0
16.922811071,0.0
16.923142399,0.0
16.94295895,0.0
16.943560901,0.0
16.962525645,0.0
16.962962192000003,0.0
16.982736154,0.0
16.983312732,0.0
17.003039826000002,0.0
17.003489842,0.0
17.022933597,0.0
17.023213247,0.0
17.042745003,0.0
17.043209934,0.0
17.062548257,0.0
17.063137379,0.0
17.082697138,0.0
17.083142703,0.0
17.102902007,0.0
17.103269788000002,0.0
17.122665614000002,0.0
17.1228144,0.0
17.142993395,0.0
17.143623466,0.0
17.163291369,0.0
17.163761073,0.0
17.182849100000002,0.0
17.183162981000002,0.0
17.202969589000002,0.0
17.203301313,0.0
17.223012157,0.0
17.223377949,0.0
17.242704718000002,0.0
17.242886829,0.0
17.262444395000003,0.0
17.263049521000003,0.0
17.282965798,0.0
17.283099458000002,0.0
17.302600052000003,0.0
17.302864405,0.0
17.322554964000002,0.0
17.322929546,0.0
17.343219009000002,0.0
17.343633071000003,0.0
17.362435789000003,0.0
17.362952462000003,0.0
17.382498832,0.0
17.383137035,0.0
17.402541051,0.0
17.402957283000003,0.0
17.422677855,0.0
17.423076871000003,0.0
17.442773167000002,0.0
17.443436098,0.0
17.462706643,0.0
17.462969698000002,0.0
17.482885615,0.0
17.483153543,0.0
17.502483371,0.0
17.503187634,0.0
17.522738638,0.0
17.52334064,0.0
17.542496996,0.0
17.543390397,0.0
17.56277499,0.0
17.563171057,0.0
17.582768979,0.0
17.583566147000003,0.0
17.60274353,0.0
17.6035927,0.0
17.622929582,0.0
17.623584507,0.0
17.642534856,0.0
17.642821103000003,0.0
17.662568675000003,0.0
17.66296012,0.0
17.682689757000002,0.0
17.683191599,0.0
17.702627085,0.0
17.703045588000002,0.0
17.722713085000002,0.0
17.723831407000002,0.0
17.742654858,0.0
17.743347272,0.0
17.762329173,0.0
17.762747706000003,0.0
17.782632955,0.0
17.782937456000003,0.0
17.802604348000003,0.0
17.802864333000002,0.0
17.822638622,0.0
17.823090863,0.0
17.843167461,0.0
17.843637557,0.0
17.862470771,0.0
17.863048775000003,0.0
17.882429297,0.0
17.882925020000002,0.0
17.90272981,0.0
17.903219428,0.0
17.922400842000002,0.0
17.92287322,0.0
17.942497923,0.0
17.942853468000003,0.0
17.96274409,0.0
17.963218374,0.0
17.982581925,0.0
17.982804424,0.0
18.002358797,0.0
18.002753176000002,0.0
18.022321519000002,0.0
18.022796222,0.0
18.042413250000003,0.0
18.04298198,0.0
18.062522598,0.0
18.062950938,0.0
18.08228179,0.0
18.082613715,0.0
18.10233066,0.0
18.102705017,0.0
18.122515296,0.0
18.123011091000002,0.0
18.14373527,0.0
18.144202021,0.0
18.162674569,0.0
18.163411786,0.0
18.183332952,0.0
18.183821383,0.0
18.202581031,0.0
18.203223694000002,0.0
18.222482175,0.0
18.223145367,0.0
18.242475980000002,0.0
18.243044982,0.0
18.26259172,0.0
18.263245358000002,0.0
18.282537829000002,0.0
18.283185071000002,0.0
18.302547621000002,0.0
18.302915809,0.0
18.322530275000002,0.0
18.322932731,0.0
18.342807899,0.0
18.343286238,0.0
18.362726571,0.0
18.363509297,0.0
18.382850706000003,0.0
18.3832716,0.0
18.402672324,0.0
18.403183781000003,0.0
18.422586576,0.0
18.423224601,0.0
18.443217163,0.0
18.443671127,0.0
18.462730889,0.0
18.463308299,0.0
18.482220564000002,0.0
18.482668017,0.0
18.502539937,0.0
18.503027732,0.0
18.52314803,0.0
18.523598021,0.0
18.542189472,0.0
18.542547522,0.0
18.562495946000002,0.0
18.562861148,0.0
18.582872587,0.0
18.583536836,0.0
18.602547817,0.0
18.602824083,0.0
18.622750412000002,0.0
18.623065803000003,0.0
18.642861898,0.0
18.643285073,0.0
18.662801901,0.0
18.663474097,0.0
18.682785564,0.0
18.683440109000003,0.0
18.702485439,0.0
18.703346673000002,0.0
18.722551721000002,0.0
18.722960427,0.0
18.742662633000002,0.0
18.743439430000002,0.0
18.76269573,0.0
18.763281940000002,0.0
18.782555952000003,0.0
18.7829729,0.0
18.802708737,0.0
18.803311981,0.0
18.822335448,0.0
18.822737277,0.0
18.842889686,0.0
18.843436231000002,0.0
18.862500904,0.0
18.862997182,0.0
18.882280053000002,0.0
18.88275291,0.0
18.902830136000002,0.0
18.902897232,0.0
18.92261079,0.0
18.923030866,0.0
18.942374396,0.0
18.942815899000003,0.0
18.962493429000002,0.0
18.963329061,0.0
18.982601304000003,0.0
18.983178209000002,0.0
19.002578826,0.0
19.002830033000002,0.0
19.022896652,0.0
19.023630054,0.0
19.042446574,0.0
19.043051351000003,0.0
19.062373884,0.0
19.062815219,0.0
19.082333121,0.0
19.082998028000002,0.0
19.102181459,0.0
19.102852327,0.0
19.122576078,0.0
19.123102245000002,0.0
19.143410694,0.0
19.143923379,0.0
19.162462175,0.0
19.163001609000002,0.0
19.182723453,0.0
19.183348871,0.0
19.202572464000003,0.0
19.203495054,0.0
19.222306063,0.0
19.222862005,0.0
19.242450089000002,0.0
19.243054829000002,0.0
19.262816621000002,0.0
19.263628665000002,0.0
19.2825141,0.0
19.282973677,0.0
19.302518921,0.0
19.303071728000003,0.0
19.322484405,0.0
19.322898083000002,0.0
19.342479803,0.0
19.342970293,0.0
19.362659589,0.0
19.363166635000002,0.0
19.383058615,0.0
19.383296277,0.0
19.402712357000002,0.0
19.402983173000003,0.0
19.422940974000003,0.0
19.423434916,0.0
19.442457506,0.0
19.442745816000002,0.0
19.462772925,0.0
19.463197360000002,0.0
19.483020671000002,0.0
19.483814467000002,0.0
19.502615881,0.0
19.503351732000002,0.0
19.522446101,0.0
19.522937649000003,0.0
19.54266144,0.0
19.542998152000003,0.0
19.562813726,0.0
19.563456769000002,0.0
19.582926568,0.0
19.583631411000002,0.0
19.602720148,0.0
19.603146487,0.0
19.622359361,0.0
19.622692218,0.0
19.642639527,0.0
19.642921642,0.0
19.662858485,0.0
19.663208919000002,0.0
19.68259094,0.0
19.682984060000003,0.0
19.702533741,0.0
19.703106783000003,0.0
19.722403214,0.0
19.722849376000003,0.0
19.742603299000002,0.0
19.742963772,0.0
19.762678672,0.0
19.763209052,0.0
19.782407392,0.0
19.782867848000002,0.0
19.80277607,0.0
19.803880798,0.0
19.823104457000003,0.0
19.823691939,0.0
19.84221304,0.0
19.842655904,0.0
19.862767713,0.0
19.863012769,0.0
19.883125425000003,0.0
19.883571189,0.0
19.902674015000002,0.0
19.903169871000003,0.0
19.922730329,0.0
19.923106332,0.0
19.943083636,0.0
19.943598363,0.0
19.962595094,0.0
19.962811192,0.0
19.982903,0.0
19.983326384,0.0
20.003280618,0.0
20.003611878,0.0
20.022895092000002,0.0
20.023198284000003,0.0
20.042943149000003,0.0
20.043263708,0.0
20.062601798000003,0.0
20.063153894000003,0.0
20.082860737,0.0
20.083321376,0.0
20.102637044,0.0
20.103110154000003,0.0
20.122435903,0.0
20.122769058000003,0.0
20.142922657,0.0
20.143264072,0.0
20.163162874,0.0
20.163721906000003,0.0
20.183041459000002,0.0
20.183615630000002,0.0
20.202627024,0.0
20.202968016,0.0
20.22283355,0.0
20.223425644000002,0.0
20.242246235,0.0
20.242844186000003,0.0
20.262839244000002,0.0
20.26330325,0.0
20.282482295,0.0
20.283005590000002,0.0
20.30247796,0.0
20.302932526000003,0.0
20.322436286000002,0.0
20.322815552,0.0
20.342632582,0.0
20.343229915000002,0.0
20.362773567,0.0
20.363535175000003,0.0
20.382576775,0.0
20.383328992000003,0.0
20.402456624000003,0.0
20.402891036,0.0
20.422402463,0.0
20.42289922,0.0
20.442663160000002,0.0
20.443116414000002,0.0
20.462766000000002,0.0
20.463025467,0.0
20.482683650000002,0.0
20.48296152,0.0
20.502714446000002,0.0
20.503120369,0.0
20.522253218000003,0.0
20.522688868000003,0.0
20.542554435,0.0
20.542946971000003,0.0
20.562746146000002,0.0
20.56329824,0.0
20.582376255,0.0
20.582671570000002,0.0
20.602740048,0.0
20.603290057000002,0.0
20.622700572000003,0.0
20.623183333,0.0
20.642369301000002,0.0
20.642894286,0.0
20.662652921000003,0.0
20.663144786,0.0
20.682678407,0.0
20.683108044,0.0
20.702544686,0.0
20.70293659,0.0
20.722561122000002,0.0
20.722840301,0.0
20.742302735000003,0.0
20.743093544,0.0
20.763059787,0.0
20.763736307000002,0.0
20.782783068,0.0
20.783481905000002,0.0
20.802554949,0.0
20.803130355,0.0
20.822517894,0.0
20.822958168,0.0
20.842827017,0.0
20.843171578,0.0
20.862481064,0.0
20.862947086000002,0.0
20.882674310000002,0.0
20.883146209000003,0.0
20.902971415,0.0
20.903644309,0.0
20.922554451,0.0
20.922856133,0.0
20.942655417,0.0
20.943303397,0.0
20.962592907,0.0
20.963310032000003,0.0
20.982754437,0.0
20.98342518,0.0
21.002759573000002,0.0
21.003440658000002,0.0
21.022421573000003,0.0
21.023003976000002,0.0
21.04255758,0.0
21.043201833,0.0
21.062966123000002,0.0
21.063526976000002,0.0
21.082756938000003,0.0
21.083096225000002,0.0
21.103005408,0.0
21.103044193000002,0.0
21.122866023,0.0
21.122906585000003,0.0
21.142591943000003,0.0
21.142893864,0.0
21.163292395000003,0.0
21.163325327000003,0.0
21.18341182,0.0
21.184024392,0.0
21.202674611000003,0.0
21.203497632,0.0
21.222427001,0.0
21.223070834,0.0
21.242796897,0.0
21.243347369000002,0.0
21.262280086,0.0
21.262628835,0.0
21.282796116,0.0
21.282830433,0.0
21.302793014000002,0.0
21.303036350000003,0.0
21.322672442000002,0.0
21.322920801000002,0.0
21.342438075,0.0
21.342816774000003,0.0
21.362743929,0.0
21.363282808,0.0
21.382796602000003,0.0
21.383425482,0.0
21.403246893000002,0.0
21.403897007,0.0
21.422683706,0.0
21.422807950000003,0.0
21.442884647,0.0
21.443512335,0.0
21.462845133000002,0.0
21.463568003000002,0.0
21.48280927,0.0
21.483273079,0.0
21.502483469,0.0
21.503207701,0.0
21.522580083,0.0
21.523038312,0.0
21.542371600000003,0.0
21.542972481,0.0
21.562797795,0.0
21.563111128000003,0.0
21.583239578,0.0
21.583883127,0.0
21.602981363,0.0
21.603837090000003,0.0
21.623214582000003,0.0
21.623243881,0.0
21.643017223,0.0
21.643307191,0.0
21.6626577,0.0
21.662775439,0.0
21.68293016,0.0
21.683281126,0.0
21.703036163,0.0
21.703436393,0.0
21.722708821,0.0
21.722795674,0.0
21.742436635,0.0
21.743002218,0.0
21.762533683,0.0
21.762687256000003,0.0
21.782659343000002,0.0
21.782883085,0.0
21.803027011,0.0
21.803085204000002,0.0
21.823838572,0.0
21.824312259000003,0.0
21.842604774,0.0
21.843308887000003,0.0
21.862963651,0.0
21.863661967000002,0.0
21.88275505,0.0
21.882964143000002,0.0
21.902709396000002,0.0
21.903039774,0.0
21.922846719000002,0.0
21.923077048,0.0
21.942722608,0.0
21.942811471000002,0.0
21.962875733,0.0
21.962898322,0.0
21.982379371,0.0
21.982736925,0.0
22.002892612,0.0
22.003297229,0.0
22.022567229,0.0
22.022760360000003,0.0
22.042514917000002,0.0
22.043139402,0.0
22.062366106000002,0.0
22.063047681,0.0
22.082594894,0.0
22.083191430000003,0.0
22.102791772,0.0
22.103065815,0.0
22.122644497000003,0.0
22.122837941,0.0
22.14282069,0.0
22.142924325000003,0.0
22.162765439,0.0
22.163103736,0.0
22.183398702,0.0
22.183477537,0.0
22.202875526,0.0
22.203495563,0.0
22.222610533,0.0
22.223046828,0.0
22.242754397000002,0.0
22.242889983,0.0
22.262488751000003,0.0
22.262810925,0.0
22.282831753,0.0
22.283337026,0.0
22.302763050000003,0.0
22.302836912,0.0
22.322960371,0.0
22.323283846000002,0.0
22.342761648,0.0
22.342816242,0.0
22.363006765,0.0
22.363266878,0.0
22.382688043,0.0
22.382771894,0.0
22.402972739000003,0.0
22.403213919000002,0.0
22.422689443000003,0.0
22.423089280000003,0.0
22.442618117000002,0.0
22.442859975,0.0
22.462497916,0.0
22.462871805000002,0.0
22.482540502000003,0.0
22.482846653000003,0.0
22.502570718,0.0
22.502862195000002,0.0
22.523182294,0.0
22.523478576000002,0.0
22.542906078,0.0
22.543207836,0.0
22.562731782,0.0
22.562993075,0.0
22.582750072000003,0.0
22.583164457000002,0.0
22.603160365,0.0
22.603407110000003,0.0
22.622348874,0.0
22.623036613,0.0
22.642622984000003,0.0
22.643123594000002,0.0
22.662596294,0.0
22.663142082,0.0
22.682538396,0.0
22.683229540000003,0.0
22.702787920000002,0.0
22.703600554,0.0
22.722787855,0.0
22.723167254,0.0
22.742667117,0.0
22.742792471,0.0
22.762819101,0.0
22.763372185,0.0
22.782837960000002,0.0
22.783440912,0.0
22.80278664,0.0
22.803663828,0.0
22.82276656,0.0
22.823626768,0.0
22.842650226,0.0
22.843303418,0.0
22.862835670000003,0.0
22.863608903000003,0.0
22.882930148,0.0
22.883640238,0.0
22.902826181000002,0.0
22.903234178,0.0
22.922827031,0.0
22.923569584000003,0.0
22.942640837000003,0.0
22.943152156,0.0
22.962673162,0.0
22.96309752,0.0
22.982750837,0.0
22.983415648,0.0
23.002784512,0.0
23.003667206000003,0.0
23.022713872,0.0
23.023131686000003,0.0
23.042820138,0.0
23.043233082,0.0
23.062830257,0.0
23.063087348,0.0
23.082672963,0.0
23.083340993,0.0
23.102873802,0.0
23.103491298,0.0
23.122811647000002,0.0
23.123473371000003,0.0
23.142958428,0.0
23.143830254,0.0
23.163248954,0.0
23.16331817,0.0
23.183945135000002,0.0
23.184472776,0.0
23.203216115,0.0
23.203854923,0.0
23.222985564000002,0.0
23.223595267,0.0
23.242632065000002,0.0
23.242935798,0.0
23.262620723,0.0
23.263171973000002,0.0
23.282963295000002,0.0
23.283592273,0.0
23.302336789,0.0
23.302956871000003,0.0
23.322744369000002,0.0
23.323546513,0.0
23.342610325000003,0.0
23.343333960000002,0.0
23.362765262,0.0
23.363349527,0.0
23.382950001,0.0
23.38357183,0.0
23.402838966,0.0
23.403495938000002,0.0
23.423009616,0.0
23.423622384,0.0
23.442942875,0.0
23.443285441,0.0
23.462965272,0.0
23.463260171,0.0
23.482895048000003,0.0
23.483541383000002,0.0
23.502890702000002,0.0
23.503579994000003,0.0
23.522373895,0.0
23.522724992,0.0
23.542932953,0.0
23.543251701000003,0.0
23.563110452,0.0
23.563347783,0.0
23.582622268,0.0
23.58284343,0.0
23.602255108,0.0
23.602754169,0.0
23.622868664000002,0.0
23.623323484,0.0
23.64248663,0.0
23.643081572,0.0
23.662548518,0.0
23.662881431000002,0.0
23.68266281,0.0
23.682932342,0.0
23.702159016000003,0.0
23.702629446000003,0.0
23.722775587,0.0
23.723146429,0.0
23.742230443,0.0
23.742768295,0.0
23.7624445,0.0
23.762949154,0.0
23.782380665,0.0
23.782708715000002,0.0
23.8026327,0.0
23.802893744000002,0.0
23.822799735,0.0
23.823090251,0.0
23.842811328,0.0
23.843914918000003,0.0
23.862379325000003,0.0
23.862745537000002,0.0
23.882643794,0.0
23.883037269000003,0.0
23.902406442,0.0
23.902887118000002,0.0
23.922354010000003,0.0
23.922766305000003,0.0
23.943065028000003,0.0
23.943113999,0.0
23.962275075,0.0
23.962749894,0.0
23.982585135,0.0
23.982837693,0.0
24.002878623,0.0
24.003177172,0.0
24.022479624000002,0.0
24.022983351,0.0
24.042205545,0.0
24.042615521000002,0.0
24.062349353000002,0.0
24.062757651000002,0.0
24.082346089,0.0
24.082733114,0.0
24.102394282000002,0.0
24.102790832,0.0
24.12238829,0.0
24.122780608000003,0.0
24.142254530000002,0.0
24.142533208000003,0.0
24.163043352000003,0.0
24.163375098000003,0.0
24.183658838000003,0.0
24.183948270000002,0.0
24.202906488,0.0
24.202948073,0.0
24.222701988,0.0
24.223444097,0.0
24.242930840000003,0.0
24.243336959,0.0
24.262415989,0.0
24.262814879,0.0
24.283236393000003,0.0
24.283616729000002,0.0
24.302842538,0.0
24.303276486,0.0
24.322380328,0.0
24.322810996,0.0
24.342346290000002,0.0
24.342938416000003,0.0
24.362771166,0.0
24.363172884,0.0
24.382398305000002,0.0
24.382779699,0.0
24.402710852000002,0.0
24.402873521,0.0
24.422475459,0.0
24.422976078,0.0
24.442406215000002,0.0
24.442821476000002,0.0
24.462554722,0.0
24.463044850000003,0.0
24.482487445,0.0
24.483060758,0.0
24.502768727000003,0.0
24.503277214,0.0
24.522527039,0.0
24.523071841,0.0
24.542549855,0.0
24.542852980000003,0.0
24.562599425000002,0.0
24.562948255000002,0.0
24.582564807,0.0
24.582860278000002,0.0
24.602543773,0.0
24.602751824000002,0.0
24.622721993000003,0.0
24.623096868,0.0
24.642551363000003,0.0
24.643118404000003,0.0
24.662532777000003,0.0
24.662916831,0.0
24.682689252000003,0.0
24.683459788,0.0
24.702333630000002,0.0
24.702822501,0.0
24.722260916000003,0.0
24.722687979,0.0
24.742253292,0.0
24.742772868000003,0.0
24.762404001,0.0
24.762831418,0.0
24.78258607,0.0
24.783328723,0.0
24.802553046,0.0
24.802881963,0.0
24.822391699,0.0
24.822791869000003,0.0
24.842928048,0.0
24.843906501000003,0.0
24.862846909,0.0
24.863462403000003,0.0
24.882718962000002,0.0
24.883465216,0.0
24.9026582,0.0
24.90345131,0.0
24.922772694000003,0.0
24.923330555000003,0.0
24.942268708,0.0
24.942605989,0.0
24.962372324,0.0
24.963175675000002,0.0
24.982547531,0.0
24.983234109,0.0
25.002457382000003,0.0
25.003566978000002,0.0
25.022555379,0.0
25.023017732000003,0.0
25.042463571000003,0.0
25.042749897,0.0
25.06239993,0.0
25.062804503000002,0.0
25.082623851,0.0
25.083016621000002,0.0
25.102588630000003,0.0
25.102990213,0.0
25.124367858000003,0.0
25.124734877,0.0
25.142487605000003,0.0
25.142745665000003,0.0
25.162697176,0.0
25.163139172,0.0
25.182803108,0.0
25.183222023000003,0.0
25.202796338000002,0.0
25.203257772,0.0
25.222597481,0.0
25.222894322000002,0.0
25.242762876,0.0
25.243214698000003,0.0
25.262932324,0.0
25.263317681,0.0
25.282488230000002,0.0
25.282878068000002,0.0
25.302893821,0.0
25.30353124,0.0
25.323366015,0.0
25.323854544000003,0.0
25.342773714000003,0.0
25.343319721,0.0
25.362701198,0.0
25.363089376,0.0
25.382789095000003,0.0
25.383373145,0.0
25.402741156,0.0
25.402772195,0.0
